  31  27   1   0  26
  16  59   3   3   4
  33   9  25  16   2
  11  67   1   2   4
  37  24  23   0   1

   3  42  30   0  28
  51  31  78  21  10
   5  35   2  72  27
  49   0   0   7  22
   7   7   5  15  28

  33  17  22  28   3
  25  44  26  22  64
   9   6  46  22  13
  20  13   2  17   6
  14  21   5  12  15

   1  18  58  81  11
   4  16  76  10  61
  50  36  43   7  94
  94   7  56  25   7
  24  62  90  68  10

  15  62   2   0   1
  38  15  17   2   8
  17  33  18  11   1
  34  16  27   1   2
  37  40   2   0   1

   0  60 100  82  31
 117  73 104  17  89
  25  46  35  90  84
 102  13  31   8  85
  25  71  67  42   5

   2  51  96  23  13
  87   8  42   5  25
 106  17  43  24  44
  83   3  60  41 100
  52  16  28  92  22

   4  12   7  10  30
  29  11  28  40  64
  47  18  20  45   4
   9  39  18   0   5
  15  24  31   9   1

  42  15  34  20  19
  83  41  39  10   4
  80  16   0  42  21
  42  50  58  12  67
  22  59  95  98   6

   3  42  32  30  36
  56  21   6  10  54
  18  44  72   4  15
   1   0   1  61   3
  37   8   4  10   7

  23   7  38  15  10
  20   9  26  55  11
   5  57  21  22  66
  27   8   0   4   6
  22  16  12   1   4

  25 101  60  34  19
   1  45  86  33  46
 100  65  16  50 110
  22  41 100  13  86
   2  20   7  12  12

  15   0  14  26  18
  14  21  18   7  35
  20  29  12   9   0
   2   2   0   2   0
   4   3  11  11   2

  22  19  22   0  16
  19  28  15  32   9
   2   0   1   6  20
   3   0   0   7   0
   3   2  11   4   4
